10002100180000620230710064646
10855200100009520230810090756
10002100180000120230522062241
10002100180000120230522105513
10002100180000520230710062901
10002100180000920230810064341
10001100010008420230712065352
10002100180000820230712065013
10002100180000220230525113203
10002100180001220230814073222
10002100180000120220610050622
10002100180000920230712092425
10002100180001520230814075513
10002100180000320220611113759
10002100180000320230525114907
10002100180001320230814074507
10002100180000420230530043521
10002200060001020220623121150
10002100180001520230715063414
10002100180001420230814075011
10002100180000220230719105848
10002100180001020230811054244
10002100180000620230530045454
10002100180000120220611111914
10855200100005520230607072822
10855200100005320230607071147
10855200100006020230607080838
10855200100005620230607074031
10855200100005120230607024211
10002100180000420230720090712
10002100180001120230811090850
10002100180000120230908085752
10001100010008520230916071516
90035577232609820230927095833
10855200100005420230607071857
10855200100005920230607080027
10002200060000420220629120732
10855200100006120230607081412
10855200100004920230607022503
10855200100005020230607023636
10002100180001020230727055031
10002100180001720230817054717
10002100180000320230904060507
10001100010008620230916071759
9003532340626120230927100128
90035607931798920230927100309
10855200100005220230607025105
10002200060000520220610110604
10002100180001120230727060804
10002100180001820230817061658
10002100180000120230911053218
10001100010008720230916072722
10855200100007020230614011159
10002100180000120230801122112
10002100180000120230911053218
10002100180000420230922051456
10002100180000220230615083314
10002100180000120230803060222
90035106424308320230911125451
10855200100000220230925052141
10002100180000520230615124836
10855200100000620230912064626
10855200100000320230925052930
10855200100000420230925053337
10002100180000320230622052931
90035612506626420230912125305
90035385977102920230912125333
10002100180000220230804085320
10002100180000120230622065036
10002100180000720230809080122
10002100180000120230913045948
10002200060000120220614105559
10002100180000420220611114451
10002100180000420230926094827
10855200100008620230810024839
10002200060000820220623061448
10002100180000220220611112819
10002100180000120230622092619
10855200100008420230706072955
10855200100008720230810061254
10002100180000220230914054106
10002200060000120220627095306
10002200060000520220701103253
10002200060000620220610131354
10002200060000320220621130138
10002100180000320230708090041
10002100180000120230803060222
10002100180000420230708091740
10855200100009320230810090033
